ETITLE:      TS           BOND          ANGLE          DIHED          IMPRP               ELECT            VDW       BOUNDARY           MISC        KINETIC               TOTAL           TEMP      POTENTIAL         TOTAL3        TEMPAVG            PRESSURE      GPRESSURE         VOLUME       PRESSAVG      GPRESSAVG
ENERGY:       0         0.0000         0.0000         0.0000         0.0000          -5460.6262       775.2764         0.0000         0.0000         0.0000          -4685.3498         0.0000     -4685.3498     -4684.5917         0.0000           6516.2566      6528.3342     23823.1240      6516.2566      6528.3342
ENERGY:    5000         0.0000         0.0000         0.0000         0.0000          -5653.4861       448.8156         0.0000         0.0000       901.6833          -4302.9872       286.4569     -5204.6705     -4300.8064       277.2737           -629.9587      -601.0157     23197.4160      -194.9423      -195.1125
ENERGY:   10000         0.0000         0.0000         0.0000         0.0000          -5609.9543       413.5884         0.0000         0.0000       933.8088          -4262.5572       296.6628     -5196.3660     -4259.2759       290.1931           -807.9700      -773.6331     23039.4622      -150.4353      -150.3420
ENERGY:   15000         0.0000         0.0000         0.0000         0.0000          -5659.9704       465.1867         0.0000         0.0000       925.0353          -4269.7483       293.8756     -5194.7836     -4266.6464       294.7338            194.6649       214.1760     22860.9372      -140.1481      -140.1726
ENERGY:   20000         0.0000         0.0000         0.0000         0.0000          -5578.6876       411.8609         0.0000         0.0000       964.0608          -4202.7659       306.2737     -5166.8267     -4199.6113       303.9697           -305.1669      -286.2751     22912.9383      -154.6834      -154.7685
ENERGY:   25000         0.0000         0.0000         0.0000         0.0000          -5630.9222       419.6521         0.0000         0.0000       952.6425          -4258.6276       302.6462     -5211.2701     -4256.4264       300.6269            182.1759       203.0823     22672.0208      -180.4469      -180.4476
ENERGY:   30000         0.0000         0.0000         0.0000         0.0000          -5636.7949       414.9683         0.0000         0.0000       931.5129          -4290.3136       295.9335     -5221.8265     -4288.2177       297.9788            426.4143       437.6447     22309.8804      -171.7102      -171.6447
ENERGY:   35000         0.0000         0.0000         0.0000         0.0000          -5633.4852       389.3123         0.0000         0.0000       968.3268          -4275.8461       307.6289     -5244.1730     -4274.0275       299.1615            -21.5058       -10.8837     22262.2201      -217.9996      -217.9339
ENERGY:   40000         0.0000         0.0000         0.0000         0.0000          -5618.9066       388.2545         0.0000         0.0000       965.2022          -4265.4499       306.6363     -5230.6521     -4262.0240       297.4332           -573.8744      -555.0198     22886.2013      -307.0885      -307.0215
ENERGY:   45000         0.0000         0.0000         0.0000         0.0000          -5582.5124       380.0117         0.0000         0.0000       961.1750          -4241.3258       305.3568     -5202.5008     -4239.7507       297.5523           -732.4744      -704.1496     22989.5239      -242.0805      -241.9654
ENERGY:   50000         0.0000         0.0000         0.0000         0.0000          -5676.5042       396.3790         0.0000         0.0000       951.9681          -4328.1571       302.4319     -5280.1252     -4324.8266       300.0441           -558.5595      -532.7644     22611.7717      -327.5045      -327.6435
ENERGY:   55000         0.0000         0.0000         0.0000         0.0000          -5590.0166       381.6061         0.0000         0.0000       933.1284          -4275.2821       296.4467     -5208.4105     -4273.7353       299.5976           -547.5624      -530.7708     22740.3330      -251.5624      -251.5996
ENERGY:   60000         0.0000         0.0000         0.0000         0.0000          -5548.0208       402.6603         0.0000         0.0000       954.9513          -4190.4091       303.3797     -5145.3604     -4188.1042       302.1094            117.8712       142.5827     22830.0697      -220.1399      -220.2317
ENERGY:   65000         0.0000         0.0000         0.0000         0.0000          -5575.8444       408.5058         0.0000         0.0000       905.6371          -4261.7016       287.7129     -5167.3386     -4259.3590       304.8784            -57.1629       -41.1682     22833.9150      -223.8794      -223.8907
ENERGY:   70000         0.0000         0.0000         0.0000         0.0000          -5580.9405       339.9088         0.0000         0.0000       973.7078          -4267.3240       309.3384     -5241.0317     -4264.1039       296.8981           -804.9336      -782.7101     22687.2679      -250.7115      -250.9019
ENERGY:   75000         0.0000         0.0000         0.0000         0.0000          -5641.4629       423.8953         0.0000         0.0000       948.1595          -4269.4081       301.2219     -5217.5676     -4266.5465       299.3712            377.4181       393.2425     22397.7471      -200.3706      -200.3437
ENERGY:   80000         0.0000         0.0000         0.0000         0.0000          -5589.2278       393.3505         0.0000         0.0000       973.5432          -4222.3340       309.2861     -5195.8773     -4218.4963       303.2970            513.3393       533.9154     22294.9534      -214.7536      -214.7056
ENERGY:   85000         0.0000         0.0000         0.0000         0.0000          -5566.6145       370.5712         0.0000         0.0000       941.3528          -4254.6906       299.0595     -5196.0434     -4252.5255       301.7454           -477.0225      -462.1860     22962.6892      -233.1727      -233.2183
ENERGY:   90000         0.0000         0.0000         0.0000         0.0000          -5572.4439       379.9280         0.0000         0.0000       942.0203          -4250.4956       299.2716     -5192.5159     -4249.3135       297.5005           -757.8770      -729.0079     23043.7107      -215.5858      -215.5024
ENERGY:   95000         0.0000         0.0000         0.0000         0.0000          -5510.6874       383.5093         0.0000         0.0000       898.1109          -4229.0673       285.3219     -5127.1782     -4227.4831       301.0653             17.3710        36.8046     22713.7674      -211.1804      -211.1391
ENERGY:  100000         0.0000         0.0000         0.0000         0.0000          -5655.4329       438.8798         0.0000         0.0000       939.0636          -4277.4894       298.3323     -5216.5531     -4277.5436       299.1646            144.8372       174.3544     22815.7144      -245.2137      -245.3219
ENERGY:  105000         0.0000         0.0000         0.0000         0.0000          -5595.0820       381.8829         0.0000         0.0000       961.2727          -4251.9263       305.3879     -5213.1991     -4248.9321       300.8908            -69.0557       -49.1962     22398.7766      -207.9686      -208.0667
ENERGY:  110000         0.0000         0.0000         0.0000         0.0000          -5698.3411       446.3178         0.0000         0.0000       918.2403          -4333.7830       291.7169     -5252.0233     -4331.7463       296.5105           -164.5432      -145.2322     22946.5185      -232.4036      -232.6306
ENERGY:  115000         0.0000         0.0000         0.0000         0.0000          -5611.0967       381.4881         0.0000         0.0000       917.0956          -4312.5131       291.3532     -5229.6086     -4311.0223       296.6728           -104.4204       -86.9892     22448.3652      -272.2458      -272.2150
ENERGY:  120000         0.0000         0.0000         0.0000         0.0000          -5603.9223       394.2874         0.0000         0.0000       949.1349          -4260.5000       301.5318     -5209.6349     -4258.7313       297.3318           -518.8961      -479.7663     23089.6263      -192.8502      -192.7638
ENERGY:  125000         0.0000         0.0000         0.0000         0.0000          -5553.2526       385.8024         0.0000         0.0000       922.4646          -4244.9857       293.0589     -5167.4503     -4242.2840       297.7559           -106.2856       -93.2938     22588.8550      -136.5498      -136.5677
ENERGY:  130000         0.0000         0.0000         0.0000         0.0000          -5613.6047       431.1540         0.0000         0.0000      1004.7416          -4177.7091       319.1976     -5182.4506     -4175.7234       302.9943            239.3456       249.1252     22667.3203      -213.3262      -213.3991
ENERGY:  135000         0.0000         0.0000         0.0000         0.0000          -5495.2141       343.4261         0.0000         0.0000       917.5613          -4234.2266       291.5012     -5151.7879     -4232.1807       304.4570           -421.1635      -396.2218     22571.7590      -205.1581      -205.2798
ENERGY:  140000         0.0000         0.0000         0.0000         0.0000          -5659.2269       416.4483         0.0000         0.0000       936.6166          -4306.1620       297.5549     -5242.7786     -4304.1657       300.9647              5.9944        31.0509     22510.3899      -225.9408      -226.0432
ENERGY:  145000         0.0000         0.0000         0.0000         0.0000          -5625.4174       393.7284         0.0000         0.0000       913.2892          -4318.3998       290.1439     -5231.6890     -4316.6253       299.0332            -33.4189        -6.1256     22414.0035      -177.0915      -177.1429
ENERGY:  150000         0.0000         0.0000         0.0000         0.0000          -5648.2461       377.9738         0.0000         0.0000       946.6379          -4323.6344       300.7385     -5270.2723     -4322.1036       295.4369           -396.8661      -385.7410     22376.6273      -127.9121      -128.0409
ENERGY:  155000         0.0000         0.0000         0.0000         0.0000          -5628.4609       421.1430         0.0000         0.0000       956.3786          -4250.9392       303.8331     -5207.3179     -4248.7148       296.8333            -11.9817         5.6363     22734.4640      -251.5392      -251.5728
ENERGY:  160000         0.0000         0.0000         0.0000         0.0000          -5637.4234       373.1163         0.0000         0.0000       968.1101          -4296.1969       307.5601     -5264.3071     -4293.2217       300.2506           -500.2828      -483.2652     22759.2214      -199.1608      -199.3281
ENERGY:  165000         0.0000         0.0000         0.0000         0.0000          -5686.4696       439.2399         0.0000         0.0000       939.5036          -4307.7261       298.4720     -5247.2297     -4305.6313       296.5927            390.2372       419.7285     22333.4478      -251.4295      -251.6703
ENERGY:  170000         0.0000         0.0000         0.0000         0.0000          -5601.5949       393.2369         0.0000         0.0000       936.8145          -4271.5434       297.6178     -5208.3580     -4267.1563       300.4486           -305.4899      -289.6776     22611.2740      -250.0175      -250.0442
ENERGY:  175000         0.0000         0.0000         0.0000         0.0000          -5629.3091       408.4650         0.0000         0.0000       874.7622          -4346.0820       277.9043     -5220.8442     -4343.8116       299.7605           -368.7766      -349.2657     22787.3447      -113.4222      -113.2715
ENERGY:  180000         0.0000         0.0000         0.0000         0.0000          -5632.7686       373.1545         0.0000         0.0000       969.9152          -4289.6990       308.1335     -5259.6141     -4286.7670       295.5870           -812.8295      -794.4291     22938.9699      -269.1095      -269.1603
ENERGY:  185000         0.0000         0.0000         0.0000         0.0000          -5629.5030       432.6305         0.0000         0.0000       953.9270          -4242.9455       303.0542     -5196.8725     -4241.1276       299.9241            449.9068       482.7231     22625.3785      -256.6731      -256.5282
ENERGY:  190000         0.0000         0.0000         0.0000         0.0000          -5607.3182       381.6875         0.0000         0.0000       958.2643          -4267.3664       304.4322     -5225.6307     -4265.6939       304.1644           -265.5278      -246.3022     22400.2085      -274.4890      -274.4458
ENERGY:  195000         0.0000         0.0000         0.0000         0.0000          -5575.1046       416.1224         0.0000         0.0000       956.6132          -4202.3690       303.9076     -5158.9822     -4200.2877       298.6324            381.7809       398.5065     22695.1420      -191.4399      -191.5737
ENERGY:  200000         0.0000         0.0000         0.0000         0.0000          -5562.8142       368.9223         0.0000         0.0000       938.1209          -4255.7711       298.0328     -5193.8919     -4253.9968       301.3224           -634.8620      -623.3446     22906.4108      -212.1964      -212.1167
ENERGY:  205000         0.0000         0.0000         0.0000         0.0000          -5642.6593       405.6829         0.0000         0.0000       935.7597          -4301.2166       297.2826     -5236.9764     -4298.3032       295.6868             74.0616       104.7620     22366.5321      -245.6282      -245.6455
ENERGY:  210000         0.0000         0.0000         0.0000         0.0000          -5580.1233       388.1485         0.0000         0.0000       936.9567          -4255.0181       297.6629     -5191.9748     -4252.8197       302.4530              4.7195        21.8268     22494.1563      -228.4362      -228.1686
ENERGY:  215000         0.0000         0.0000         0.0000         0.0000          -5638.1495       377.9752         0.0000         0.0000       961.1390          -4299.0353       305.3454     -5260.1743     -4296.5877       297.5394           -273.1965      -261.0289     22417.4986      -243.6077      -243.6825
ENERGY:  220000         0.0000         0.0000         0.0000         0.0000          -5532.9144       363.4263         0.0000         0.0000       940.1874          -4229.3006       298.6893     -5169.4881     -4226.9299       300.0808           -690.0492      -686.4206     22874.4153      -242.5661      -242.5934
ENERGY:  225000         0.0000         0.0000         0.0000         0.0000          -5583.6461       377.8460         0.0000         0.0000       985.4747          -4220.3254       313.0767     -5205.8001     -4218.3810       304.4550           -618.2476      -599.6935     22847.9099      -228.8830      -229.1052
ENERGY:  230000         0.0000         0.0000         0.0000         0.0000          -5689.5345       435.7900         0.0000         0.0000       932.6900          -4321.0545       296.3074     -5253.7445     -4318.4901       299.0900            591.4473       609.8076     22302.7452      -212.7865      -212.8042
ENERGY:  235000         0.0000         0.0000         0.0000         0.0000          -5526.9545       359.1628         0.0000         0.0000       917.9488          -4249.8429       291.6243     -5167.7917     -4247.8514       298.0041           -257.0363      -239.5231     22571.9944      -150.0880      -150.2434
ENERGY:  240000         0.0000         0.0000         0.0000         0.0000          -5534.0359       365.9180         0.0000         0.0000       901.5373          -4266.5807       286.4105     -5168.1179     -4265.4459       297.0633           -433.8668      -397.5170     22579.9056      -163.7159      -163.7131
ENERGY:  245000         0.0000         0.0000         0.0000         0.0000          -5637.4552       430.0473         0.0000         0.0000       919.4120          -4287.9959       292.0891     -5207.4078     -4286.3489       300.7451            370.6570       384.0977     22523.5631      -199.4138      -199.5263
ENERGY:  250000         0.0000         0.0000         0.0000         0.0000          -5564.3674       383.8785         0.0000         0.0000       932.1324          -4248.3565       296.1303     -5180.4889     -4246.2217       300.5891           -351.2346      -337.7525     22889.2451      -235.3610      -235.3467
ENERGY:  255000         0.0000         0.0000         0.0000         0.0000          -5615.6842       375.8120         0.0000         0.0000       922.5072          -4317.3650       293.0724     -5239.8722     -4315.0711       298.5421           -438.7270      -409.3333     22639.0818      -174.1073      -173.9045
ENERGY:  260000         0.0000         0.0000         0.0000         0.0000          -5470.2955       324.4410         0.0000         0.0000       935.4719          -4210.3826       297.1912     -5145.8545     -4208.6940       299.9781          -1175.2485     -1155.4138     22869.8862      -188.9328      -188.9925
ENERGY:  265000         0.0000         0.0000         0.0000         0.0000          -5617.9536       443.1539         0.0000         0.0000       922.3783          -4252.4214       293.0315     -5174.7997     -4250.7109       300.7815            330.2735       341.6061     22873.0156      -232.1208      -232.1546
ENERGY:  270000         0.0000         0.0000         0.0000         0.0000          -5588.4330       357.5610         0.0000         0.0000       985.4472          -4245.4249       313.0679     -5230.8721     -4242.5017       300.3480           -638.2548      -612.1817     22553.7118      -191.1568      -190.9625
ENERGY:  275000         0.0000         0.0000         0.0000         0.0000          -5663.3940       438.1002         0.0000         0.0000       924.5050          -4300.7889       293.7071     -5225.2939     -4297.2786       298.8907            266.8591       279.5662     22812.0243      -212.6137      -212.6325
ENERGY:  280000         0.0000         0.0000         0.0000         0.0000          -5745.1742       435.6270         0.0000         0.0000       950.0683          -4359.4788       301.8284     -5309.5472     -4358.0384       296.5671            -13.9690        21.8269     22517.0671      -212.7547      -212.8479
ENERGY:  285000         0.0000         0.0000         0.0000         0.0000          -5623.6269       381.4770         0.0000         0.0000       890.2517          -4351.8981       282.8252     -5242.1498     -4350.4799       294.0655           -564.0139      -538.6263     22539.4470      -286.5412      -286.5510
ENERGY:  290000         0.0000         0.0000         0.0000         0.0000          -5619.6470       410.7382         0.0000         0.0000       907.0027          -4301.9061       288.1468     -5208.9089     -4298.6182       298.8603            205.8183       228.4245     22685.2080      -225.8652      -225.9078
ENERGY:  295000         0.0000         0.0000         0.0000         0.0000          -5684.4200       429.4801         0.0000         0.0000       975.6201          -4279.3197       309.9460     -5254.9399     -4277.2508       298.6476            -22.5544        -9.5395     22647.2489      -175.9537      -176.0379
ENERGY:  300000         0.0000         0.0000         0.0000         0.0000          -5590.6335       374.1635         0.0000         0.0000       945.3237          -4271.1463       300.3210     -5216.4700     -4268.7527       303.9648            -80.4630       -56.7732     22537.0719      -175.7385      -175.8180
ENERGY:  305000         0.0000         0.0000         0.0000         0.0000          -5600.7702       379.4503         0.0000         0.0000       895.5482          -4325.7717       284.5078     -5221.3199     -4323.9394       294.7472           -320.2101      -299.2815     22466.4021      -167.9795      -168.0803
ENERGY:  310000         0.0000         0.0000         0.0000         0.0000          -5563.7460       372.9179         0.0000         0.0000       902.9792          -4287.8489       286.8686     -5190.8281     -4285.3332       294.3945           -136.2196      -115.3729     22426.5055      -184.7372      -184.7387
ENERGY:  315000         0.0000         0.0000         0.0000         0.0000          -5508.7321       363.2718         0.0000         0.0000       970.5726          -4174.8877       308.3424     -5145.4603     -4172.9959       303.6572            -72.1252       -45.4536     22475.0645      -205.5119      -205.3289
ENERGY:  320000         0.0000         0.0000         0.0000         0.0000          -5606.7990       393.5220         0.0000         0.0000       954.0739          -4259.2032       303.1009     -5213.2770     -4256.2518       299.7072           -155.8374      -148.1740     22519.0893      -229.3355      -229.6106
ENERGY:  325000         0.0000         0.0000         0.0000         0.0000          -5554.5632       338.6041         0.0000         0.0000       950.3918          -4265.5674       301.9311     -5215.9592     -4263.2436       302.3842           -422.6523      -404.6540     22363.8713      -246.9296      -246.8646
ENERGY:  330000         0.0000         0.0000         0.0000         0.0000          -5664.0804       414.6355         0.0000         0.0000       958.6496          -4290.7952       304.5546     -5249.4448     -4288.6791       292.8234            186.0517       215.3335     22505.0074      -262.9996      -262.9566
ENERGY:  335000         0.0000         0.0000         0.0000         0.0000          -5620.6984       375.1855         0.0000         0.0000       924.1496          -4321.3633       293.5942     -5245.5129     -4319.6244       296.6442           -297.0998      -270.1728     22576.9599      -198.8192      -198.7534
ENERGY:  340000         0.0000         0.0000         0.0000         0.0000          -5630.5092       353.8321         0.0000         0.0000       911.0811          -4365.5960       289.4425     -5276.6771     -4364.5974       297.3682           -895.2369      -848.4929     22422.3831      -208.8914      -208.8715
ENERGY:  345000         0.0000         0.0000         0.0000         0.0000          -5596.6425       380.4907         0.0000         0.0000       972.7895          -4243.3623       309.0467     -5216.1518     -4240.8996       298.5239           -336.4607      -311.1225     22523.2271      -125.8772      -125.9280
ENERGY:  350000         0.0000         0.0000         0.0000         0.0000          -5635.4806       392.5045         0.0000         0.0000       921.7113          -4321.2648       292.8196     -5242.9761     -4319.0783       296.7733           -170.7979      -147.8029     22418.3137      -220.9045      -220.9373
ENERGY:  355000         0.0000         0.0000         0.0000         0.0000          -5578.9578       424.0224         0.0000         0.0000       921.6358          -4233.2995       292.7956     -5154.9353     -4231.1814       303.6366            362.3837       377.8743     22565.3721      -216.8403      -216.9252
ENERGY:  360000         0.0000         0.0000         0.0000         0.0000          -5567.5644       378.6841         0.0000         0.0000       940.7783          -4248.1020       298.8770     -5188.8803     -4244.8213       301.5941           -535.7049      -521.6040     23179.0049      -131.7409      -131.6127
ENERGY:  365000         0.0000         0.0000         0.0000         0.0000          -5559.0643       386.3735         0.0000         0.0000       940.2033          -4232.4874       298.6943     -5172.6908     -4230.1010       300.1616           -121.4994      -102.5291     22605.7572      -233.3219      -233.3386
ENERGY:  370000         0.0000         0.0000         0.0000         0.0000          -5527.6593       337.9427         0.0000         0.0000       951.3881          -4238.3285       302.2477     -5189.7166     -4235.1493       299.7280           -959.9875      -943.2135     22690.5596      -247.4303      -247.5551
ENERGY:  375000         0.0000         0.0000         0.0000         0.0000          -5576.3791       335.1033         0.0000         0.0000       965.5133          -4275.7625       306.7351     -5241.2758     -4274.5692       301.8354           -855.4394      -845.8599     22551.6468      -231.6616      -231.5639
ENERGY:  380000         0.0000         0.0000         0.0000         0.0000          -5630.5044       403.5287         0.0000         0.0000       950.3973          -4276.5783       301.9329     -5226.9757     -4273.4010       303.9108            158.3723       181.2665     22624.5944      -147.5347      -147.5216
ENERGY:  385000         0.0000         0.0000         0.0000         0.0000          -5623.9245       409.0620         0.0000         0.0000       951.1291          -4263.7334       302.1653     -5214.8625     -4262.4384       297.1247            -86.3606       -60.7759     22845.2584      -259.1065      -259.0489
ENERGY:  390000         0.0000         0.0000         0.0000         0.0000          -5557.7560       439.3589         0.0000         0.0000       939.1182          -4179.2789       298.3496     -5118.3971     -4176.4085       301.4829             55.8732        85.8479     23113.5466      -295.4449      -295.5321
ENERGY:  395000         0.0000         0.0000         0.0000         0.0000          -5591.2656       363.0829         0.0000         0.0000       964.1129          -4264.0698       306.2902     -5228.1826     -4260.9121       301.2323           -422.3397      -406.8522     22592.4771      -224.9938      -224.9279
ENERGY:  400000         0.0000         0.0000         0.0000         0.0000          -5597.3565       367.8549         0.0000         0.0000       948.4534          -4281.0482       301.3153     -5229.5016     -4279.0147       300.8393           -753.3927      -716.3644     22805.4069      -308.9295      -309.0558
ENERGY:  405000         0.0000         0.0000         0.0000         0.0000          -5600.2423       374.8116         0.0000         0.0000       901.7957          -4323.6350       286.4926     -5225.4307     -4321.2079       297.9224           -415.2228      -379.9393     22640.0114      -209.9248      -209.9336
ENERGY:  410000         0.0000         0.0000         0.0000         0.0000          -5596.3475       396.7512         0.0000         0.0000       918.6057          -4280.9906       291.8330     -5199.5963     -4278.7782       295.9295           -243.6607      -238.2776     22890.5276      -181.5881      -181.5255
ENERGY:  415000         0.0000         0.0000         0.0000         0.0000          -5516.5327       378.9135         0.0000         0.0000       924.5559          -4213.0633       293.7233     -5137.6192     -4210.8960       302.1118           -213.4950      -201.1806     23016.8503      -166.3250      -166.3735
ENERGY:  420000         0.0000         0.0000         0.0000         0.0000          -5525.9926       371.4585         0.0000         0.0000       935.0580          -4219.4760       297.0597     -5154.5340     -4218.1076       302.8385           -492.6166      -483.3661     22838.0145      -201.5815      -201.6060
ENERGY:  425000         0.0000         0.0000         0.0000         0.0000          -5647.3107       430.5964         0.0000         0.0000       957.4717          -4259.2425       304.1804     -5216.7142     -4257.8157       304.7725            517.8817       532.5200     22364.8093      -227.5039      -227.5192
ENERGY:  430000         0.0000         0.0000         0.0000         0.0000          -5578.8515       360.2593         0.0000         0.0000       921.5589          -4297.0334       292.7712     -5218.5922     -4294.4227       301.9026           -754.2548      -717.2669     22815.3176      -187.4105      -187.4943
ENERGY:  435000         0.0000         0.0000         0.0000         0.0000          -5637.0911       385.0712         0.0000         0.0000       948.0635          -4303.9565       301.1914     -5252.0199     -4301.4499       298.6415           -550.5011      -509.0190     22504.6453      -156.5544      -156.5654
ENERGY:  440000         0.0000         0.0000         0.0000         0.0000          -5556.1637       377.1327         0.0000         0.0000       924.9910          -4254.0400       293.8615     -5179.0310     -4252.6395       297.0124           -601.6703      -588.4515     22993.5756      -207.0060      -207.0162
ENERGY:  445000         0.0000         0.0000         0.0000         0.0000          -5632.6191       383.8196         0.0000         0.0000       937.8526          -4310.9469       297.9476     -5248.7995     -4309.5375       296.3829           -499.1760      -475.5731     22613.7907      -206.3778      -206.5377
ENERGY:  450000         0.0000         0.0000         0.0000         0.0000          -5663.1612       408.2378         0.0000         0.0000       926.2937          -4328.6298       294.2754     -5254.9234     -4328.3830       293.6224            113.2488       131.2409     22379.0860      -243.5019      -243.6459
ENERGY:  455000         0.0000         0.0000         0.0000         0.0000          -5665.2951       466.1086         0.0000         0.0000       964.0427          -4235.1438       306.2679     -5199.1866     -4232.8378       301.0047           1063.9702      1085.1413     22265.9148      -215.0269      -215.0520
ENERGY:  460000         0.0000         0.0000         0.0000         0.0000          -5537.2967       353.2302         0.0000         0.0000       959.4998          -4224.5667       304.8247     -5184.0665     -4221.4527       299.5942           -635.8982      -627.5195     22810.6430      -198.8212      -198.8075
ENERGY:  465000         0.0000         0.0000         0.0000         0.0000          -5620.9958       422.3081         0.0000         0.0000       916.7280          -4281.9597       291.2364     -5198.6877     -4280.3192       299.6659            238.5111       264.3653     22636.5628      -165.3076      -165.1905
ENERGY:  470000         0.0000         0.0000         0.0000         0.0000          -5574.7403       360.9731         0.0000         0.0000       913.7921          -4299.9752       290.3037     -5213.7672     -4298.0955       301.0162           -488.3634      -472.8236     22549.6904      -210.8299      -210.9532
ENERGY:  475000         0.0000         0.0000         0.0000         0.0000          -5649.5209       404.4313         0.0000         0.0000       913.8149          -4331.2747       290.3110     -5245.0896     -4329.3175       296.3446           -287.8198      -272.2751     22693.0117      -226.2724      -226.2281
ENERGY:  480000         0.0000         0.0000         0.0000         0.0000          -5543.9474       367.1589         0.0000         0.0000       954.1621          -4222.6265       303.1289     -5176.7886     -4221.1558       299.5832            -63.9780       -48.3968     22550.3523      -264.3434      -264.4090
ENERGY:  485000         0.0000         0.0000         0.0000         0.0000          -5583.3214       392.5359         0.0000         0.0000       959.7029          -4231.0826       304.8892     -5190.7855     -4228.8326       302.2547           -389.1440      -362.7671     22853.2701      -247.7500      -247.6358
ENERGY:  490000         0.0000         0.0000         0.0000         0.0000          -5591.8605       393.6221         0.0000         0.0000       947.0235          -4251.2148       300.8611     -5198.2384     -4249.0973       295.4552           -282.2072      -265.2635     22809.3216      -252.8359      -252.9174
ENERGY:  495000         0.0000         0.0000         0.0000         0.0000          -5620.1648       391.4639         0.0000         0.0000       937.4835          -4291.2174       297.8303     -5228.7010     -4289.2051       297.8482            -18.8004        -5.7257     22426.7497      -220.3573      -220.5696
ENERGY:  500000         0.0000         0.0000         0.0000         0.0000          -5608.0698       431.1334         0.0000         0.0000       918.2441          -4258.6924       291.7181     -5176.9365     -4257.2249       297.4348            -91.3627       -80.2192     22934.7869      -229.8599      -229.9409
